837401
592837
164729
748295
305817
926384
471029
218736
763905
643218
382740
742691
562143
197382
830127
524986
913475
386509
675843
148267
834129
591376
167594
745302
301726
926538
475901
210543
765320
641872
385729
742915
567219
198327
831274
520986
914375
380956
679143
142876
832495
597134
163847
749320
305817
926547
472109
213854
769305
640123
384701
742169
561239
198327
831720
527946
914305
389506
675134
145982
834219
593176
167294
745032
301876
925638
470192
218753
760395
642318
385270
742915
567129
198732
830124
529846
914735
380956
679413
142687
834259
597341
163847
749302
305817
926547
471029
213854
769305
640123
384701
742169
561239
198327
831720
527946
914305
389506
675134
145982
834219
593176
167294
745032
301876
925638
470192
218753
760395
642318
385270
742915
567129
198732
830124
529846
914735
380956
679413
142687
834259
597341
163847
749302
305817
926547
471029
213854
769305
640123
384701
742169
561239
198327
831720
527946
914305
389506
675134
145982
834219
593176
167294
745032
301876
925638
470192
218753
760395
642318
385270
742915
567129
198732
830124
529846
914735
380956
679413
142687
834259
597341
163847
749302
305817
926547
471029
213854
769305
640123
384701
742169
561239
198327
831720
527946
914305
389506
675134
145982
834219
593176
167294
745032
301876
925638
470192
218753
760395
642318
385270
742915
567129
198732
830124
529846
914735
380956
679413
142687
834259
597341
163847
749302
305817
926547
471029
213854
769305
640123
384701
742169
561239
198327
831720
527946
914305
389506
675134
145982
834219
593176
167294
745032
301876
925638
470192
218753
760395
642318
385270
742915
567129
198732
830124
529846
914735
380956
679413
142687
834259
597341
163847
749302
305817
926547
471029
213854
769305
640123
384701
742169
561239
198327
839476
572901
104732
685209
317840
926513
480167
215389
761024
643178
389506
740215
562943
197830
830476
524189
913607
386521
675304
148927

